3877
4563	1603	1
1603	23	0
4556	2469	1
4545	3111	1
4532	835	1
4526	309	1
4699	783	1
4694	540	1
4668	2773	1
4668	2774	1
4662	1954	1
4619	1289	1
1289	23	0
4613	851	1
4599	865	1
4599	3224	1
4596	314	1
4590	2994	1
2994	18	0
4771	251	1
4771	233	1
4730	437	1
4721	952	1
952	23	0
4715	438	1
4715	462	1
4715	674	1
4715	1206	1
4576	268	1
4570	1388	1
4568	1211	1
1211	38	0
1211	23	0
4564	1247	1
4779	1795	1
4768	3161	1
3161	23	0
4762	708	1
4762	2104	1
4754	585	1
4478	1283	1
4477	109	1
4467	1155	1
4460	2955	1
4459	1989	1
1989	25	0
4510	1393	1
4510	1391	1
4508	2037	1
4508	1957	1
2037	32	0
4504	2177	1
4500	2183	1
4491	1002	1
4491	3036	1
4512	423	1
4525	2140	1
4520	1857	1
4519	2190	1
4515	904	1
4515	883	1
4515	1108	1
4515	2402	1
4514	2269	1
4433	2686	1
4430	2363	1
4427	2011	1
4422	1497	1
4422	1485	1
4420	869	1
4420	955	1
4415	2727	1
4450	1034	1
4446	3137	1
3137	23	0
4443	2630	1
4442	2507	1
4440	1057	1
4439	921	1
4439	1117	1
4437	1143	1
4436	1161	1
4391	2445	1
4390	1940	1
4389	3027	1
4386	1981	1
4385	726	1
4384	961	1
4402	1049	1
4399	3194	1
4399	3175	1
4397	1085	1
4394	1229	1
4394	1230	1
4392	3193	1
4414	408	1
4414	235	1
4414	227	1
4414	554	1
4412	2041	1
4408	652	1
4407	2775	1
2775	23	0
4403	1315	1
4383	2627	1
4381	1621	1
4380	2852	1
4379	280	1
4379	927	1
4379	945	1
4378	2222	1
4378	2495	1
4377	1690	1
4377	3183	1
4377	1227	1
4377	1664	1
4376	1374	1
4374	2793	1
4373	1986	1
4369	2083	1
4367	2068	1
4366	2032	1
4365	3250	1
4364	2229	1
2229	38	0
2229	18	0
2229	7	0
4372	1160	1
4371	2584	1
4370	2228	1
4363	872	1
4362	700	1
1830	15	0
4361	2824	1
4360	1073	1
4375	1280	1
4353	963	1
963	17	0
963	15	0
4352	586	1
4351	1115	1
4350	2355	1
4349	3071	1
4359	3234	1
4358	3144	1
4357	351	1
4357	1304	1
4357	848	1
4356	1915	1
1915	33	0
4355	1960	1
4355	2180	1
4355	2379	1
4354	3257	1
4348	1415	1
4348	1680	1
4348	1916	1
3412	2745	1
3337	1097	1
3360	508	1
3312	3178	1
3312	400	1
3429	3142	1
3447	563	1
3463	83	1
3463	2711	1
3479	1529	1
3423	2242	1
3423	2232	1
3518	2660	1
3317	57	1
3317	1868	1
3410	69	1
3328	2913	1
3328	2911	1
3430	710	1
3430	711	1
3415	592	1
3520	717	1
3414	278	1
3437	745	1
3525	1594	1
3471	603	1
3471	60	1
3305	2816	1
3308	85	1
3341	2482	1
3324	2395	1
3324	2371	1
3324	2394	1
3660	1172	1
3614	2019	1
3602	680	1
3546	1274	1
3677	1982	1
3782	1979	1
3493	2749	1
3570	1076	1
3534	2400	1
3621	852	1
3537	82	1
3537	1511	1
3771	2256	1
3774	378	1
3760	925	1
3772	1962	1
3745	2462	1
3643	610	1
3643	2658	1
3604	1980	1
3604	454	1
3604	905	1
3604	638	1
3629	699	1
3629	2258	1
3663	2890	1
3917	793	1
3889	880	1
3900	2894	1
3747	584	1
3747	640	1
3747	812	1
3851	427	1
3918	1956	1
3895	1148	1
3881	1457	1
3680	2899	1
3730	1671	1
3763	1820	1
3763	1834	1
3690	152	1
3690	3022	1
3679	2076	1
3750	1314	1
3911	2153	1
3905	3136	1
4027	1569	1
4038	2845	1
4038	1121	1
4021	103	1
4021	636	1
4057	1572	1
4057	75	1
4025	2789	1
4036	3296	1
4036	3293	1
4024	3090	1
4054	1997	1
4029	2250	1
4029	2254	1
4039	2740	1
4035	1610	1
4052	1380	1
4052	1378	1
4123	803	1
4124	498	1
498	18	0
4126	2848	1
2848	23	0
4125	1474	1
4159	721	1
4113	2858	1
4173	1968	1
4189	1286	1
4189	2463	1
4223	3159	1
4315	1467	1
4315	90	1
4302	2436	1
4302	2427	1
4305	237	1
4327	797	1
4176	3191	1
4176	1492	1
4176	2707	1
3191	15	0
4130	2615	1
4130	2947	1
4130	1134	1
4130	3232	1
4136	552	1
4279	209	1
4279	1120	1
4267	2282	1
4797	2552	1
4347	1324	1
4731	3012	1
4740	1626	1
4345	763	1
763	23	0
763	18	0
4717	2267	1
4346	2426	1
4346	1087	1
4346	822	1
4781	2828	1
2828	25	0
4726	577	1
4726	809	1
4756	2863	1
4793	1281	1
4790	1193	1
4790	3069	1
4802	332	1
1026	15	0
1026	25	0
4801	384	1
4796	2226	1
4795	609	1
4794	1613	1
4794	1205	1
4794	1723	1
4794	2516	1
1613	15	0
4792	1869	1
4792	327	1
4789	236	1
4786	3289	1
4784	2199	1
4342	3130	1
4342	912	1
3130	32	0
4256	3297	1
4261	651	1
4261	1125	1
4261	1285	1
4261	1670	1
4261	1692	1
4227	2528	1
4239	1420	1
4239	1124	1
4239	3244	1
1420	23	0
4783	2762	1
4776	3206	1
4776	3228	1
964	12	0
4774	302	1
4772	325	1
4770	521	1
4770	2788	1
521	29	0
4752	724	1
4752	723	1
4745	2952	1
4745	2272	1
4745	1938	1
4745	1927	1
4769	1218	1
4763	3242	1
4763	2915	1
4763	2768	1
4763	2906	1
4757	153	1
4757	3220	1
153	32	0
153	7	0
177	30	0
4743	2468	1
4742	185	1
4742	189	1
4741	3215	1
4738	2440	1
4738	2684	1
4738	3032	1
4738	2976	1
4735	3258	1
4711	1137	1
1137	33	0
1137	32	0
4709	2097	1
4708	2151	1
4708	2161	1
4707	1112	1
4707	1200	1
4706	3083	1
3083	29	0
4723	698	1
4723	841	1
4723	62	1
4720	1209	1
4713	1275	1
4713	1104	1
4713	1105	1
4712	649	1
4733	468	1
468	38	0
4728	2622	1
4727	135	1
4727	1674	1
4725	1079	1
4695	689	1
4693	1246	1
4692	1355	1
4692	1186	1
4692	1187	1
4691	1176	1
4687	1571	1
1571	29	0
4686	1840	1
1840	40	0
4683	1175	1
4682	1149	1
4679	3094	1
3094	18	0
4678	1107	1
4678	1106	1
4678	1194	1
4658	1800	1
4657	2246	1
4654	1144	1
4653	1473	1
4653	1010	1
4652	3104	1
4650	1837	1
4649	3000	1
4646	1838	1
4677	1063	1
4677	1757	1
4674	2139	1
4674	2123	1
4674	2989	1
4673	2551	1
4673	2510	1
4670	1398	1
4670	824	1
4670	232	1
4659	3087	1
3087	33	0
4665	2981	1
4705	245	1
4705	2833	1
4705	1202	1
4704	2914	1
4704	2907	1
4703	2447	1
4702	2865	1
4702	1267	1
4697	3017	1
4697	1636	1
4697	1478	1
4697	1411	1
4626	390	1
4624	3093	1
4623	1021	1
4623	974	1
4621	459	1
4620	2086	1
4614	226	1
4602	2082	1
4601	3068	1
4598	2156	1
4597	108	1
4593	485	1
485	15	0
4606	1652	1
1652	3	0
4604	389	1
389	1	0
389	26	0
4603	1702	1
4603	2526	1
4636	2366	1
4635	923	1
4635	1794	1
4634	1214	1
4633	1036	1
4630	3168	1
4630	676	1
4630	2533	1
4645	1706	1
4645	2787	1
4645	3291	1
4641	1296	1
4640	591	1
4639	107	1
4639	490	1
4616	3053	1
4615	2835	1
4615	457	1
4615	151	1
4612	1203	1
4612	1150	1
4610	3078	1
3078	15	0
4609	117	1
4609	116	1
4609	857	1
4609	3043	1
4609	1456	1
4607	3182	1
4592	2538	1
4592	2681	1
4592	2319	1
4591	2223	1
4589	2517	1
4587	1556	1
4587	1557	1
4583	2209	1
4582	548	1
548	15	0
4581	2619	1
4579	1220	1
3385	635	1
3381	2715	1
3322	3132	1
3361	1512	1
3361	2542	1
3387	541	1
3397	2084	1
3320	95	1
3391	2679	1
3326	1180	1
3321	2892	1
2892	15	0
3354	1710	1
3441	748	1
3441	3073	1
3438	2192	1
3444	1509	1
3444	1409	1
3487	2943	1
3436	2172	1
3481	1273	1
3481	1272	1
3488	789	1
3573	1592	1
3573	734	1
3573	3096	1
3648	41	1
3648	56	1
3648	501	1
3612	968	1
3636	1207	1
3636	677	1
3636	2056	1
3636	879	1
3636	71	1
1207	15	0
3607	682	1
3607	1887	1
3572	1599	1
3651	3177	1
3651	1760	1
3651	2270	1
3651	2237	1
3627	870	1
3627	956	1
3627	98	1
3634	134	1
3634	683	1
3634	1575	1
3568	903	1
3568	2926	1
3568	2305	1
3568	2925	1
3603	273	1
3603	159	1
3603	451	1
159	7	0
159	3	0
3608	2719	1
3646	2127	1
3797	536	1
3797	537	1
3797	2841	1
3744	2005	1
3755	947	1
3755	954	1
3755	2842	1
3794	1995	1
3727	3062	1
3062	15	0
3762	2921	1
3762	664	1
3716	2160	1
3716	2159	1
2160	4	0
2160	6	0
2159	4	0
3709	3115	1
3709	1376	1
3712	463	1
3754	2698	1
3793	2297	1
2297	35	0
2148	35	0
2148	28	0
3777	51	1
3785	2023	1
2023	7	0
3871	2827	1
2827	5	0
3897	2647	1
3897	2736	1
3897	973	1
3891	2663	1
3887	224	1
3887	225	1
3868	2053	1
3868	2008	1
2053	32	0
948	30	0
948	32	0
948	39	0
3830	313	1
3830	1038	1
3875	2826	1
2826	5	0
3910	2283	1
3910	2284	1
3904	3103	1
3879	1714	1
3920	2289	1
4045	3262	1
4044	836	1
4037	2245	1
2245	29	0
4064	2836	1
4001	877	1
3982	800	1
4006	3236	1
3991	2941	1
3991	744	1
3985	1133	1
3985	823	1
3985	583	1
4014	420	1
3984	1090	1
4008	1769	1
3983	2444	1
2444	35	0
4207	2163	1
4207	2832	1
4167	1624	1
1624	18	0
1624	38	0
4169	837	1
4198	3239	1
4198	269	1
4198	1605	1
4206	181	1
4179	3255	1
4166	1075	1
4180	1730	1
4187	1803	1
4187	663	1
4187	648	1
4186	3092	1
4199	2565	1
4336	1763	1
4336	496	1
4336	539	1
1763	37	0
4328	2767	1
4321	1732	1
4321	2007	1
4309	1919	1
4309	291	1
4309	933	1
4293	751	1
751	23	0
751	29	0
4308	531	1
4307	969	1
4307	970	1
4337	2456	1
2456	12	0
4335	2838	1
4335	2839	1
4335	2840	1
4804	959	1
4803	1099	1
4799	742	1
4799	556	1
4799	2623	1
4524	2574	1
4549	2697	1
4572	1084	1
1084	30	0
1084	33	0
4561	1816	1
4561	1510	1
4566	784	1
4566	826	1
4566	1643	1
4566	1476	1
4529	1058	1
4529	1027	1
4529	546	1
4529	1030	1
4527	1459	1
1459	20	0
4523	267	1
4523	2829	1
4562	2317	1
4562	2147	1
4320	1873	1
4320	1305	1
1873	38	0
4534	2150	1
4535	960	1
4541	1716	1
4541	1486	1
4541	2844	1
4541	670	1
4555	88	1
4555	986	1
4798	543	1
4798	2690	1
4798	547	1
4791	190	1
4791	3125	1
190	15	0
3125	15	0
4788	434	1
4788	2737	1
4788	3102	1
434	15	0
4787	1858	1
4787	1717	1
4785	1444	1
4785	825	1
4785	1543	1
4785	3056	1
4782	761	1
4782	239	1
4782	2391	1
4780	2708	1
2708	34	0
4778	3114	1
4778	1912	1
4778	2889	1
4778	3276	1
3114	6	0
3276	19	0
4767	2432	1
4767	2425	1
4734	3212	1
4724	1754	1
4722	1823	1
4719	2610	1
2610	15	0
2610	4	0
2610	16	0
4718	1363	1
4718	1835	1
4751	791	1
4751	2496	1
4751	2557	1
4749	2804	1
4749	2904	1
4749	1703	1
4748	2639	1
4747	2802	1
4744	2791	1
4739	2974	1
4672	1712	1
4667	3158	1
4666	3057	1
4663	679	1
4661	469	1
4716	2393	1
4716	1067	1
4716	305	1
4716	2300	1
4714	474	1
4714	489	1
4701	2951	1
4700	470	1
4700	1545	1
4700	1190	1
4700	1189	1
4698	1491	1
4696	2795	1
4766	1098	1
4766	1078	1
4765	2872	1
4765	2853	1
4764	3110	1
4764	3152	1
4760	1255	1
4760	1153	1
4759	1523	1
4758	752	1
4689	470	1
4685	393	1
4684	2613	1
4681	2476	1
4676	3058	1
4676	3060	1
4675	211	1
4622	1157	1
4622	1513	1
4622	472	1
4618	266	1
4617	3252	1
3252	0	0
4611	892	1
4611	1546	1
4660	929	1
4660	2819	1
4660	930	1
929	15	0
4656	2430	1
4648	1653	1
4643	2614	1
1673	15	0
4637	1517	1
4632	589	1
4631	482	1
4629	2801	1
4628	1086	1
4638	206	1
4625	659	1
4608	2337	1
4600	2277	1
4600	2286	1
4595	1402	1
4595	1347	1
4595	1876	1
4595	2549	1
4595	3127	1
4594	2478	1
4588	1598	1
4588	1346	1
4588	1364	1
4588	1585	1
4588	1679	1
4573	3079	1
4571	1782	1
4571	1793	1
4586	2367	1
4585	2179	1
4585	3088	1
4585	535	1
4558	1429	1
4554	1568	1
4553	2487	1
4547	2218	1
4547	1225	1
4580	3187	1
4577	2866	1
4577	1792	1
4575	788	1
4574	2107	1
4574	2380	1
4569	982	1
4567	819	1
4567	820	1
4565	2851	1
4559	737	1
4548	987	1
4522	2628	1
3411	2409	1
3372	2191	1
3372	368	1
3398	735	1
3400	169	1
4546	3077	1
4546	138	1
4546	2986	1
4544	2329	1
4543	1302	1
4543	1309	1
4542	2328	1
4540	2316	1
4540	2178	1
4539	2045	1
4539	2051	1
2341	15	0
4537	1056	1
4536	817	1
4531	1713	1
4531	1722	1
3363	2137	1
3406	516	1
3406	532	1
3406	2491	1
3406	2548	1
3376	2970	1
3407	2910	1
3379	1088	1
3379	304	1
3379	3180	1
3529	2753	1
3527	3229	1
3522	3192	1
3504	957	1
3507	3164	1
3523	175	1
3497	2939	1
3502	2512	1
3499	1890	1
888	6	0
3610	2546	1
3658	2583	1
3658	2474	1
3787	2744	1
3740	2790	1
3795	193	1
193	6	0
3769	2636	1
3732	620	1
3751	570	1
3611	1574	1
3657	2912	1
3637	572	1
3637	2138	1
3637	2069	1
3637	2726	1
3637	573	1
573	6	0
3642	1931	1
3642	1993	1
3652	600	1
3652	580	1
3635	2291	1
3635	3085	1
3635	3051	1
3625	2531	1
3625	1783	1
3625	2204	1
3647	2315	1
3647	2166	1
2315	24	0
2166	24	0
2315	32	0
2166	32	0
3615	1819	1
3662	2634	1
3662	2618	1
3662	3243	1
3662	3230	1
2634	6	0
2618	6	0
3243	6	0
3230	6	0
3913	1221	1
3870	720	1
1651	6	0
3784	2195	1
1542	6	0
1542	14	0
3742	2431	1
3764	220	1
3912	3007	1
3888	3209	1
3888	3210	1
3888	3211	1
3209	6	0
3210	6	0
3906	2606	1
3880	1014	1
3921	2543	1
3882	1744	1
4068	1394	1
4068	2665	1
4068	3019	1
4004	1382	1
4004	1383	1
4004	484	1
4063	967	1
4012	3016	1
4012	747	1
4041	1969	1
4197	1373	1
4151	2389	1
4201	2880	1
4201	2882	1
4201	2881	1
4141	418	1
4195	876	1
3995	456	1
3995	3134	1
4062	2868	1
4048	1756	1
4048	2493	1
1756	6	0
1756	4	0
1756	15	0
2493	4	0
2493	15	0
4028	2810	1
4028	1322	1
4028	54	1
4146	2825	1
4194	1484	1
4143	2742	1
4145	2065	1
4145	1427	1
4145	1196	1
4204	2506	1
4137	439	1
4322	362	1
4329	219	1
4304	1578	1
4297	868	1
4341	528	1
4319	2953	1
4290	476	1
4511	1140	1
4499	2556	1
3390	533	1
3402	2119	1
3402	2170	1
3404	566	1
566	14	0
566	6	0
3362	1520	1
3356	1861	1
1861	6	0
4456	650	1
4456	1755	1
4466	1404	1
4466	1343	1
1404	9	0
1404	15	0
4476	2230	1
4476	2299	1
3365	993	1
3365	1070	1
3403	2725	1
3358	497	1
3358	2175	1
3388	401	1
3389	2683	1
4463	2318	1
4463	2303	1
4479	2712	1
4509	2537	1
4494	1589	1
4494	2566	1
4494	3086	1
4513	316	1
4332	2519	1
4298	2645	1
4326	1767	1
4326	544	1
4340	1657	1
4340	1587	1
4340	1586	1
4340	1338	1
1657	37	0
4292	3011	1
4292	1392	1
4292	1333	1
3483	1727	1
3494	2978	1
3661	1537	1
3661	1563	1
1537	9	0
1563	9	0
3598	627	1
3598	2806	1
3605	441	1
3626	170	1
3664	3063	1
3664	1055	1
3063	15	0
1055	15	0
3644	1490	1
3624	2855	1
3616	1270	1
3616	1235	1
3616	2916	1
3616	2651	1
3616	406	1
3616	442	1
3791	194	1
3758	633	1
3721	1082	1
3496	1866	1
3491	2695	1
2695	4	0
2695	15	0
2695	9	0
3477	2408	1
3373	2900	1
3405	3100	1
3405	139	1
3368	669	1
3368	2544	1
3505	2509	1
3505	478	1
3505	361	1
3505	1877	1
3528	256	1
3528	409	1
3595	2143	1
3655	1379	1
3655	1377	1
3655	1524	1
3655	3162	1
3655	2575	1
3780	786	1
3780	854	1
3725	2718	1
2718	15	0
4061	1564	1
1564	15	0
3975	840	1
3969	431	1
4060	1348	1
4018	2265	1
3737	1341	1
3737	1334	1
3770	2193	1
2193	6	0
3208	6	0
3796	2794	1
3728	1530	1
5262	1530	2
3748	2110	1
3061	6	0
3908	2013	1
3908	2251	1
3892	72	1
3892	2136	1
3892	3160	1
3892	59	1
3915	2938	1
3873	2691	1
3854	2322	1
3854	2323	1
3893	891	1
3903	1303	1
3903	2731	1
3909	713	1
3916	94	1
3916	3141	1
3866	720	1
3866	479	1
3866	911	1
4045	504	1
4045	2225	1
3972	2859	1
4032	2738	1
2738	6	0
4013	380	1
4013	329	1
4059	2905	1
3973	1431	1
3973	1436	1
4183	477	1
4131	946	1
4132	531	1
4133	1709	1
4133	443	1
1709	6	0
4203	1539	1
4203	452	1
4134	2723	1
4134	2837	1
4138	2373	1
4127	1047	1
4286	3116	1
4295	1182	1
4288	3294	1
4316	2422	1
4316	1389	1
2422	9	0
4338	1236	1
4185	1606	1
4120	1357	1
4156	2641	1
4312	1576	1
1576	6	0
4325	3080	1
3080	15	0
4300	1802	1
4490	1824	1
1824	0	0
1824	39	0
1824	30	0
4464	1831	1
4453	1901	1
4453	450	1
1901	21	0
1901	32	0
4484	1908	1
4484	2205	1
4484	2201	1
4484	850	1
4449	1780	1
4455	2678	1
4280	1241	1
4280	1197	1
4339	2783	1
4281	1029	1
4274	866	1
4465	3199	1
4465	3167	1
4465	2629	1
4474	1809	1
4474	217	1
4474	1319	1
4452	3121	1
4452	353	1
4468	2095	1
4468	2799	1
4505	2644	1
4505	3196	1
4483	2470	1
4483	656	1
4483	596	1
4507	3117	1
4507	1617	1
4507	3135	1
5013	1942	2
5013	2010	2
1942	18	0
5146	1987	2
5059	1902	2
5059	1776	2
5059	2500	2
5059	2462	2
5059	1942	2
1902	18	0
1776	23	0
5101	1972	2
5101	1942	2
5101	2010	2
5101	1946	2
5222	2972	2
5222	1942	2
5222	1469	2
5222	2973	2
4996	1923	2
1923	18	0
1923	7	0
5121	348	2
5121	2803	2
5121	513	2
5121	3091	2
5279	2480	2
5279	1768	2
5278	1159	2
4950	1964	2
5277	1158	2
5277	2449	2
5277	618	2
4812	1983	2
1951	18	0
1983	18	0
4967	2276	2
2276	7	0
5063	1974	2
5063	1749	2
5100	1972	2
5211	430	2
5162	730	2
5162	728	2
5162	729	2
5039	808	2
5039	675	2
5003	3046	2
5003	1472	2
5003	2657	2
5003	1942	2
5003	641	2
5003	2993	2
5144	1976	2
4866	2609	2
4866	2680	2
5293	2076	2
5293	2078	2
2078	32	0
4879	2764	2
4879	2871	2
2871	35	0
2871	15	0
4908	1468	2
4908	1942	2
4908	2750	2
4908	2661	2
4908	2004	2
4908	2016	2
4908	1472	2
4908	1904	2
5064	1980	2
5064	639	2
5010	1475	2
5001	1970	2
5145	1973	2
1472	23	0
5002	2885	2
5002	798	2
5017	2631	2
5017	1942	2
5017	64	2
5072	295	2
4929	435	2
4929	1942	2
4929	91	2
4929	1461	2
5209	3122	2
5209	1942	2
5209	1950	2
5209	2256	2
5209	838	2
5209	1777	2
5209	352	2
5209	1747	2
1950	38	0
838	38	0
3122	38	0
1942	38	0
4813	2052	2
4813	1942	2
4813	787	2
2052	38	0
2052	18	0
5093	3005	2
3005	38	0
3005	23	0
5023	1385	2
5189	1295	2
5182	1962	2
5182	1944	2
5007	1778	2
1778	23	0
5233	1999	2
4961	306	2
5280	1968	2
5034	988	2
5190	1566	2
5141	1959	2
1942	35	0
4859	2477	2
5028	1949	2
5024	378	2
5114	2024	2
2024	7	0
2024	18	0
916	40	0
916	25	0
4865	1942	2
4865	3028	2
4865	2248	2
4865	1975	2
4865	1943	2
5264	1688	2
5045	1967	2
4902	2036	2
5008	2662	2
5008	3139	2
5008	3216	2
5008	2026	2
5008	2021	2
5008	1828	2
5008	1179	2
5008	1822	2
5008	1181	2
5008	308	2
5008	2018	2
5008	307	2
5008	2029	2
5008	2028	2
5008	2027	2
5008	2030	2
4934	2202	2
2202	7	0
4952	1633	2
5242	3139	2
5242	3216	2
5242	2026	2
4910	3026	2
5062	1401	2
5047	3149	2
4931	2288	2
5000	414	2
5290	1990	2
1990	7	0
5037	2696	2
4948	1942	2
4948	2038	2
4948	2031	2
5217	746	2
5217	741	2
746	3	0
746	5	0
746	18	0
4955	1965	2
1965	18	0
4997	976	2
5210	290	2
290	15	0
5030	1966	2
1966	18	0
4901	1416	2
5060	2815	2
2815	7	0
2815	18	0
4839	1145	2
1145	3	0
4817	2929	2
5006	1219	2
5226	2385	2
4918	2102	2
5074	1471	2
5074	3138	2
5243	2033	2
5102	2039	2
1472	3	0
5054	2001	2
5054	3147	2
5054	3082	2
5054	1455	2
2001	7	0
5070	1000	2
5070	1618	2
5005	980	2
5005	701	2
5061	3198	2
4962	65	2
5094	1806	2
5136	349	2
5178	1242	2
1242	7	0
5165	1658	2
5267	644	2
644	7	0
5296	1958	2
1958	13	0
1958	32	0
1958	12	0
5196	1466	2
5046	1504	2
1504	32	0
4870	383	2
4870	473	2
5244	1770	2
5111	944	2
5111	1911	2
5111	3237	2
5111	3112	2
4850	1942	2
4850	1428	2
4834	1942	2
4834	1774	2
4834	2498	2
4834	1454	2
4834	1775	2
4834	2390	2
4834	1948	2
5105	1126	2
5105	247	2
5186	1978	2
4947	160	2
5289	1488	2
1488	30	0
4876	2922	2
4871	66	2
4975	849	2
4975	772	2
5265	795	2
5067	65	2
5269	2022	2
2022	7	0
5214	296	2
4938	1929	2
4938	1994	2
4986	1971	2
5117	3298	2
5184	444	2
5184	1942	2
4956	2020	2
5203	104	2
5203	1127	2
4982	1464	2
5297	255	2
5297	254	2
5297	284	2
254	31	0
284	31	0
4880	2126	2
4880	65	2
2125	23	0
5246	65	2
5195	1452	2
5248	3074	2
5036	1731	2
1731	7	0
1731	18	0
1731	38	0
5022	799	2
5022	798	2
5022	1700	2
4875	96	2
5220	1387	2
4923	2652	2
5122	924	2
4987	3015	2
4987	2522	2
5200	1113	2
5200	1119	2
4891	2608	2
2608	30	0
5273	1307	2
5273	1472	2
1307	32	0
5075	1139	2
5089	2100	2
5089	2009	2
4838	2518	2
4954	1462	2
1417	7	0
4985	2815	2
4985	2950	2
2950	35	0
4847	1323	2
5021	1937	2
1937	1	0
1937	7	0
1937	3	0
4827	2992	2
5108	2452	2
5108	1988	2
5016	1313	2
5149	725	2
725	18	0
5033	719	2
5033	65	2
5033	704	2
5212	2443	2
5212	1939	2
5103	2062	2
5103	2014	2
5123	3046	2
5123	1472	2
3046	15	0
4883	1472	2
4883	1092	2
5287	334	2
4984	1164	2
4984	1127	2
4984	1163	2
4953	1243	2
4858	2501	2
5281	1325	2
5263	1403	2
5076	3023	2
5076	3025	2
5076	3024	2
4945	2700	2
2700	30	0
4974	526	2
4974	538	2
4869	2002	2
5259	2674	2
5027	910	2
4821	1317	2
5004	2646	2
2646	15	0
2210	7	0
692	0	0
5227	1122	2
5227	240	2
5227	67	2
5227	1138	2
5227	1386	2
5227	1252	2
5227	65	2
5227	796	2
5227	1308	2
5227	2009	2
5227	1582	2
5227	297	2
5227	2017	2
5227	2920	2
5227	2353	2
5227	2992	2
5227	2036	2
5227	2415	2
5227	727	2
5227	1597	2
5227	294	2
5227	1031	2
5227	1479	2
5227	978	2
5227	1062	2
5227	1069	2
5227	2155	2
5227	628	2
5227	606	2
5227	2058	2
5227	113	2
5227	625	2
5292	1470	2
5218	3047	2
5218	885	2
5218	884	2
5218	1048	2
5188	1730	2
5049	1100	2
5073	699	2
5172	889	2
889	30	0
889	33	0
4899	2489	2
4968	1696	2
1696	30	0
5151	2760	2
2760	32	0
5152	3221	2
5219	2249	2
4909	1487	2
5035	2800	2
5206	2917	2
5294	1771	2
5197	80	2
5197	1604	2
5197	1425	2
5197	932	2
5197	1093	2
5197	949	2
5197	3076	2
5197	1017	2
5197	1016	2
5197	77	2
5234	84	2
5201	2581	2
5201	2471	2
5109	363	2
5109	2907	2
4881	1924	2
4881	2907	2
4881	1895	2
5128	81	2
5120	2255	2
5110	359	2
5183	919	2
5183	920	2
5183	1152	2
4863	1118	2
4811	1805	2
4818	645	2
5286	1896	2
5286	2908	2
1896	15	0
1896	22	0
2908	15	0
2908	22	0
5167	2117	2
5167	2908	2
4919	2042	2
4939	347	2
5041	2220	2
4930	2416	2
4965	1245	2
1245	7	0
1245	3	0
1245	8	0
1896	38	0
1896	8	0
1896	3	0
339	22	0
5148	164	2
5148	163	2
4857	1817	2
5158	1922	2
5207	1917	2
5213	376	2
5213	374	2
5213	2451	2
5213	242	2
4941	201	2
5096	615	2
5096	1676	2
4808	569	2
4820	616	2
4820	975	2
5084	2112	2
5084	2236	2
5084	1018	2
5084	681	2
5084	1019	2
5084	1093	2
5084	130	2
5084	131	2
5084	2458	2
5084	949	2
5084	119	2
5084	1925	2
5084	2721	2
4861	1238	2
4861	137	2
4833	250	2
4833	1750	2
4833	1751	2
158	32	0
1750	32	0
771	32	0
1751	32	0
4806	617	2
4806	733	2
4806	2746	2
4806	753	2
4806	2571	2
4806	2939	2
4806	2473	2
4806	1622	2
4806	3264	2
4806	597	2
4806	221	2
4806	2869	2
4806	1540	2
4806	1301	2
4806	2128	2
4806	1632	2
4806	1630	2
4806	2673	2
4806	1669	2
4806	1936	2
4806	465	2
4806	2117	2
4806	1765	2
4806	2412	2
4806	1562	2
5150	782	2
782	32	0
4999	634	2
634	32	0
4837	1515	2
1515	7	0
1515	8	0
4959	1135	2
4895	962	2
962	15	0
962	9	0
4819	863	2
863	15	0
5044	1711	2
5193	215	2
5137	907	2
5098	1482	2
4849	155	2
155	15	0
5055	898	2
5055	425	2
5055	1101	2
5055	1288	2
5055	582	2
5055	2523	2
5055	2088	2
5097	1312	2
5097	2578	2
5097	2458	2
5097	1215	2
5097	1004	2
5097	1007	2
5097	1935	2
5097	2187	2
5204	555	2
5204	2129	2
5029	2040	2
5029	1406	2
5029	1430	2
2040	32	0
2040	30	0
4998	2131	2
5112	298	2
5112	299	2
4950	2747	2
4807	991	2
991	15	0
4905	1498	2
5080	2070	2
4862	815	2
5169	142	2
5245	140	2
2945	15	0
2945	9	0
5176	2132	2
5018	403	2
5274	264	2
4943	3173	2
4943	3205	2
3173	9	0
3173	15	0
5205	2292	2
4887	1552	2
1552	9	0
5138	1558	2
5256	2875	2
5043	1602	2
5043	1648	2
5043	3222	2
5043	2446	2
5043	2275	2
5043	1559	2
5043	769	2
5043	768	2
5043	178	2
5043	2405	2
5043	2780	2
5043	1434	2
5043	1694	2
5043	1668	2
5043	2785	2
5043	1695	2
5043	550	2
5043	1178	2
5043	1419	2
5043	2867	2
5043	1656	2
5043	1661	2
4888	3169	2
4888	3170	2
4888	3171	2
5052	2702	2
4815	864	2
864	16	0
864	15	0
5257	2876	2
5170	2779	2
5170	2133	2
5170	2508	2
5170	2122	2
5170	2937	2
5170	375	2
5170	2709	2
5170	2131	2
5170	814	2
5170	907	2
5170	1453	2
5170	1554	2
5170	1683	2
5170	1829	2
5170	2091	2
5170	2401	2
5170	2957	2
5143	2131	2
5143	2115	2
4976	1006	2
4976	998	2
4976	3267	2
4976	2637	2
4976	1502	2
4976	1413	2
4976	1687	2
4976	1642	2
4976	2655	2
4976	1739	2
4972	2133	2
4972	3283	2
4972	3273	2
4925	2235	2
4925	2273	2
4946	2134	2
4946	2547	2
4946	2133	2
2134	15	0
4886	2958	2
5202	2133	2
5202	1796	2
2133	9	0
5071	1611	2
5071	1001	2
5142	1825	2
5142	1130	2
5057	2413	2
5057	1413	2
5057	2637	2
5057	1773	2
5057	2325	2
2413	15	0
5079	1410	2
5238	3150	2
3150	9	0
5020	2133	2
5078	1647	2
4973	3274	2
4924	2141	2
4993	2387	2
5168	3266	2
5240	2128	2
5240	143	2
5240	3302	2
5240	3301	2
5240	132	2
5240	2114	2
5240	3303	2
5240	990	2
5240	2458	2
4926	1560	2
4935	1101	2
4935	373	2
5118	2781	2
5118	1101	2
5118	1288	2
5118	425	2
5118	2672	2
5118	2113	2
5118	898	2
5118	2811	2
5118	433	2
5118	2157	2
5118	1433	2
5118	2530	2
5118	581	2
5118	582	2
5118	1407	2
5118	3001	2
5118	2999	2
5118	1614	2
5118	2109	2
5118	2939	2
5118	665	2
5118	1326	2
5118	2682	2
5118	1934	2
5118	1660	2
5236	1102	2
5236	1101	2
5236	2777	2
5236	2264	2
5236	1413	2
5236	373	2
5236	2306	2
4842	3204	2
4842	300	2
4842	1644	2
5237	2896	2
5237	2607	2
5237	519	2
5237	1662	2
5237	2306	2
2607	15	0
2607	9	0
4928	2909	2
4928	2259	2
4928	1269	2
2909	39	0
2909	15	0
2909	9	0
4852	858	2
4852	1721	2
858	15	0
858	9	0
4851	449	2
449	30	0
449	32	0
449	39	0
4944	1397	2
5215	2859	2
5192	1612	2
5058	1932	2
5140	1847	2
5140	1848	2
5140	1850	2
5140	1851	2
5140	1849	2
5019	2458	2
5019	1693	2
5019	1733	2
5019	2188	2
5019	981	2
5019	2047	2
5019	2048	2
5019	1268	2
5019	2649	2
5019	283	2
5019	499	2
5019	373	2
5019	312	2
5019	403	2
5019	1560	2
5019	1222	2
5019	998	2
5019	1942	2
5019	1438	2
5019	1127	2
5019	815	2
5019	1551	2
5019	475	2
5019	1130	2
5019	1730	2
5019	2931	2
4932	2778	2
5107	2111	2
5155	1620	2
4835	3226	2
4835	2131	2
4835	3281	2
4835	2113	2
4835	2187	2
4835	2472	2
4835	3267	2
4835	529	2
4835	2398	2
4835	2642	2
4835	2728	2
4835	1741	2
4835	2777	2
4835	3201	2
2777	15	0
3201	15	0
3267	15	0
2472	15	0
3281	15	0
3226	15	0
2131	15	0
4927	2931	2
4927	2141	2
2931	15	0
5065	1256	2
4921	1656	2
5258	2874	2
5066	1248	2
4894	396	2
5163	3190	2
4893	1845	2
5159	2777	2
5159	315	2
5159	1527	2
5159	2176	2
5159	1268	2
5159	901	2
5159	1737	2
5159	1276	2
5116	1039	2
2131	9	0
4958	2131	2
4860	1271	2
1051	15	0
4874	2786	2
4980	2483	2
2483	6	0
5126	2483	2
5179	2119	2
5223	1402	2
5053	1607	2
5099	1660	2
5099	1312	2
5099	1648	2
5099	1645	2
5099	3223	2
4960	1699	2
5232	2975	2
5232	561	2
2975	30	0
2975	32	0
5014	3181	2
5139	424	2
424	9	0
4884	1327	2
5069	999	2
4971	1005	2
5291	2407	2
4864	1052	2
4864	2632	2
4864	1503	2
4864	1648	2
4864	1311	2
5127	2996	2
5127	1811	2
5127	2119	2
5127	3009	2
5127	3166	2
5127	1536	2
5216	1369	2
5216	2419	2
5216	2758	2
5216	2757	2
5216	2534	2
5216	3001	2
5216	2108	2
1369	6	0
5235	97	2
5235	2995	2
5031	2118	2
5032	2419	2
5032	2483	2
5015	2113	2
5015	2264	2
4805	337	2
4805	358	2
4841	261	2
5106	2483	2
5106	2149	2
4845	523	2
4845	407	2
4845	2504	2
5091	2309	2
5119	345	2
5119	1553	2
5119	1839	2
5283	2601	2
5260	1833	2
5260	2085	2
5260	3217	2
5260	1522	2
4949	246	2
5185	860	2
5185	506	2
5132	2349	2
4994	1781	2
4994	1894	2
4994	2545	2
4994	1089	2
4994	1413	2
5011	1354	2
5011	186	2
5175	1061	2
1061	28	0
4991	372	2
372	6	0
5135	3153	2
5087	1761	2
4872	894	2
5271	2113	2
5271	1745	2
5250	99	2
5124	658	2
5208	1369	2
5208	2346	2
5208	2755	2
5208	2555	2
5208	3109	2
2346	6	0
2755	6	0
2555	6	0
3109	6	0
2756	14	0
2756	6	0
4916	3275	2
4916	3280	2
4916	3270	2
4916	3269	2
4916	2594	2
4916	3286	2
4916	3277	2
4916	3278	2
5092	3113	2
5092	3286	2
5092	3271	2
5092	3279	2
5092	3272	2
5092	632	2
5092	379	2
5133	2576	2
5088	3256	2
5156	2119	2
4990	2279	2
4990	2611	2
4990	950	2
4990	2625	2
4990	1224	2
4990	2271	2
4990	2311	2
4988	1344	2
4963	3240	2
4964	3241	2
3287	6	0
4896	324	2
4896	322	2
4896	355	2
4896	356	2
4896	357	2
4896	2261	2
4896	1729	2
4896	2621	2
4896	2598	2
4896	3209	2
323	6	0
4882	2350	2
4882	2349	2
4868	875	2
4868	3286	2
875	6	0
5082	422	2
5199	1173	2
5171	1634	2
5174	2334	2
4832	1625	2
5113	1156	2
5198	2119	2
1807	14	0
5040	522	2
5040	1358	2
5166	1801	2
5166	2601	2
5166	2599	2
5166	2605	2
5166	2336	2
1801	6	0
4830	1638	2
1638	6	0
5042	621	2
5042	259	2
4889	223	2
4889	2340	2
223	6	0
4855	839	2
839	6	0
5231	1360	2
1360	6	0
522	6	0
4809	262	2
4809	260	2
4854	2119	2
5012	2420	2
5012	2756	2
4937	3285	2
4912	2419	2
4912	2534	2
4912	1359	2
4912	2720	2
4912	2805	2
4912	2417	2
4912	1071	2
2534	6	0
1448	6	0
1359	6	0
2720	6	0
2805	6	0
2417	6	0
4904	2579	2
4904	1501	2
4904	1068	2
4904	2502	2
4904	2653	2
4904	1500	2
4904	1499	2
4904	421	2
4957	2419	2
4957	3209	2
4957	3211	2
3211	6	0
5157	263	2
3365	989	1
5284	989	2
5284	1332	2
5284	1328	2
5284	1329	2
5284	1330	2
4831	626	2
4831	2934	2
4831	2935	2
4831	3041	2
4831	3040	2
4831	3038	2
4831	3039	2
4831	2604	2
4831	2535	2
4831	1810	2
4831	887	2
4831	766	2
5247	2888	2
5090	629	2
4920	1810	2
4903	3084	2
4903	3001	2
4890	2558	2
2558	6	0
5195	2419	2
5164	2185	2
5164	1724	2
5164	2722	2
5164	2335	2
4922	2089	2
4922	2995	2
4922	767	2
4922	2113	2
5129	1654	2
1654	6	0
5129	1096	2
5129	1577	2
4848	2490	2
4848	2588	2
5131	2313	2
5131	2368	2
2313	6	0
2368	6	0
5160	1217	2
4853	2064	2
4853	2050	2
4853	2063	2
4978	2343	2
2343	28	0
5154	1933	2
5154	3286	2
5154	2113	2
4846	2578	2
4846	2113	2
4846	2746	2
4846	1353	2
4846	2264	2
4846	3008	2
5085	2560	2
5085	2119	2
5085	2812	2
5085	1686	2
5085	575	2
5085	2113	2
5085	2120	2
5085	2813	2
5228	937	2
5228	2208	2
5228	939	2
5228	1142	2
5228	2441	2
5228	2959	2
5068	2759	2
5068	2419	2
5068	2066	2
5068	1060	2
5187	346	2
4911	74	2
4914	893	2
893	15	0
5050	1435	2
5050	899	2
1435	21	0
1435	32	0
1367	6	0
5173	2293	2
4942	270	2
4942	271	2
5038	243	2
5153	3271	2
4917	3286	2
4917	632	2
4840	720	2
5104	402	2
4814	1059	2
4814	2587	2
5180	2595	2
5262	1533	2
5262	1532	2
5262	1531	2
1530	6	0
5191	1335	2
5191	1336	2
5191	199	2
5191	200	2
1335	6	0
1336	6	0
199	6	0
200	6	0
5288	156	2
5009	780	2
5177	524	2
524	35	0
5229	939	2
5026	587	2
5230	1495	2
4892	2459	2
4892	687	2
5181	2439	2
4900	977	2
4900	2954	2
4900	2765	2
5224	2997	2
5224	2998	2
5224	1807	2
5224	1808	2
5083	2108	2
5194	2368	2
5285	995	2
5285	2121	2
5285	1536	2
4983	762	2
762	6	0
4816	1941	2
4825	157	2
5261	965	2
4992	1351	2
4822	124	2
4981	914	2
4981	913	2
5161	2983	2
5253	148	2
5221	1525	2
5221	1839	2
5221	2349	2
5221	345	2
4878	1300	2
4878	1555	2
5295	422	2
5225	935	2
5077	1590	2
1590	27	0
1590	26	0
4951	1064	2
1064	35	0
1064	11	0
4970	1918	2
5056	2710	2
4933	2342	2
4877	1841	2
4915	966	2
4989	2902	2
4898	2527	2
4897	2373	2
4824	2766	2
2766	10	0
2766	36	0
2766	11	0
4867	601	2
4867	2504	2
601	6	0
2504	6	0
4995	834	2
834	15	0
5239	360	2
5239	321	2
5239	1371	2
360	6	0
4823	703	2
4823	2419	2
5048	2591	2
5048	2777	2
5048	3143	2
5048	900	2
5048	902	2
5048	2597	2
5048	2231	2
5048	3281	2
5048	2187	2
5252	377	2
4826	369	2
369	35	0
5254	2671	2
5086	1758	2
5130	934	2
5130	2503	2
5268	2592	2
4836	1813	2
4836	1814	2
3417	909	1
3413	630	1
3532	507	1
3533	559	1
3628	3064	1
3536	604	1
3587	853	1
853	35	0
3588	1041	1
3588	1042	1
3588	70	1
3619	2244	1
2244	35	0
2244	7	0
3540	1253	1
3555	493	1
3565	1950	1
3541	2155	1
3541	2168	1
3538	2624	1
3538	2732	1
2624	15	0
2732	15	0
3571	2659	1
3666	1770	1
1770	29	0
1770	15	0
3671	2098	1
3671	2099	1
3674	1408	1
3672	1401	1
3669	1974	1
3313	503	1
3416	285	1
3500	759	1
3500	716	1
3421	2508	1
3420	2949	1
3781	1259	1
3766	426	1
3776	1316	1
3673	808	1
3673	675	1
3678	458	1
3631	2294	1
3564	660	1
3531	1362	1
3531	1366	1
3539	3106	1
3106	35	0
3846	2106	1
3831	2772	1
3894	118	1
3899	1748	1
3832	1977	1
3907	1947	1
3874	3185	1
3848	843	1
3898	1952	1
3821	2372	1
3850	176	1
3914	1826	1
3665	1550	1
3707	2012	1
3667	1242	1
3865	2020	1
3896	2569	1
3896	2570	1
3896	89	1
3896	87	1
3867	736	1
3867	668	1
3884	667	1
3884	574	1
3884	666	1
3884	567	1
3884	1867	1
3847	2397	1
3840	1566	1
3841	1963	1
3719	2982	1
3668	1588	1
3668	2883	1
3668	115	1
3668	2074	1
3670	1945	1
1945	18	0
3761	2466	1
3849	3292	1
3862	2378	1
3862	2406	1
2406	18	0
3998	1596	1
3998	1567	1
4026	2457	1
4026	2455	1
4003	511	1
3989	3218	1
3987	2505	1
3987	1998	1
3987	2458	1
3990	2485	1
3990	2320	1
3990	1426	1
3986	1779	1
3986	2321	1
4058	2932	1
3997	460	1
3997	502	1
4085	2946	1
4152	1784	1
4102	2650	1
4191	794	1
3996	2442	1
4043	1812	1
4040	3002	1
4040	1395	1
4023	1583	1
1583	18	0
4034	1788	1
4051	1066	1
4051	992	1
3994	61	1
3992	3081	1
3992	3075	1
4042	3203	1
4042	1493	1
3988	873	1
3993	52	1
3993	111	1
4193	2025	1
4088	2461	1
4088	188	1
4153	3299	1
4087	749	1
4087	697	1
4087	996	1
4081	1292	1
4200	1921	1
4079	1095	1
4090	1942	1
4082	1953	1
4219	2116	1
4285	2135	1
4215	2375	1
4100	1856	1
4083	386	1
4083	1891	1
386	35	0
4095	370	1
4128	553	1
4162	1961	1
1961	18	0
4225	1655	1
4224	1460	1
4306	1390	1
4424	2612	1
2612	18	0
4213	1991	1
4213	1926	1
4212	3246	1
4221	1009	1
1009	23	0
4249	210	1
4249	831	1
4220	114	1
4729	2221	1
4729	3253	1
4729	492	1
4729	1726	1
4690	1233	1
4214	2580	1
4216	1742	1
4253	2857	1
2857	35	0
2857	26	0
4217	2864	1
4217	2862	1
4211	2706	1
4211	2730	1
4211	2224	1
4211	2219	1
2850	34	0
2850	17	0
4773	1535	1
4732	1146	1
4732	1128	1
4750	672	1
672	30	0
4669	213	1
4669	229	1
4669	2361	1
3304	2492	1
3304	2572	1
3304	732	1
3304	695	1
4671	388	1
4344	1740	1
4642	588	1
4642	811	1
3309	2240	1
2240	28	0
3310	1437	1
3310	173	1
3310	756	1
3331	1872	1
3331	1627	1
3392	1199	1
3311	2034	1
3311	2081	1
3311	1859	1
3325	1020	1
3325	3245	1
3325	1022	1
3325	2046	1
3401	2689	1
3319	1183	1
3306	53	1
3408	1162	1
3408	1175	1
3509	1897	1
3509	1044	1
3419	1507	1
3484	3020	1
3375	2942	1
3375	1846	1
3371	631	1
3307	1899	1
4775	2203	1
4736	2564	1
2564	32	0
4777	1240	1
4777	371	1
4777	1239	1
4655	2846	1
4651	2165	1
4651	2162	1
4651	2573	1
3428	331	1
3517	381	1
3433	1110	1
3433	2979	1
3433	100	1
3425	608	1
3427	2253	1
3543	3045	1
3543	2044	1
3577	2648	1
3545	3254	1
3584	1251	1
3542	286	1
3431	2158	1
3431	2252	1
3514	93	1
3514	63	1
3514	43	1
3422	564	1
3435	2948	1
3462	1192	1
3498	3107	1
3498	191	1
3498	277	1
3424	3070	1
3426	320	1
3426	971	1
3426	411	1
3426	412	1
3426	1136	1
3432	150	1
3432	149	1
3432	829	1
3432	453	1
150	15	0
3418	2540	1
2540	32	0
3589	859	1
3589	2582	1
3606	2206	1
3606	2189	1
3609	58	1
3558	252	1
3653	2735	1
3620	1506	1
3650	2207	1
3650	755	1
3549	739	1
3597	2399	1
2399	35	0
3704	214	1
3704	276	1
214	35	0
276	35	0
3692	265	1
3676	1984	1
1984	5	0
3675	657	1
3773	882	1
3743	3157	1
3759	1827	1
3686	2854	1
3219	32	0
3733	2561	1
3733	2586	1
2586	40	0
3551	2748	1
3551	2243	1
3551	2239	1
3596	647	1
3792	2040	1
3775	2200	1
3775	144	1
3809	455	1
455	3	0
3800	2878	1
2878	35	0
2878	28	0
3885	2646	1
3814	1964	1
3801	1735	1
3801	1885	1
3799	2262	1
3799	2369	1
3829	3054	1
3798	3119	1
3919	941	1
3919	942	1
3919	2669	1
3919	2670	1
3919	2668	1
3804	3213	1
3804	3200	1
3802	1053	1
3857	2694	1
3857	2873	1
3957	2809	1
3966	241	1
3976	2782	1
3967	1352	1
3967	471	1
3977	1818	1
3977	136	1
3974	2893	1
3938	102	1
3939	861	1
3947	2211	1
4011	804	1
3962	1631	1
1631	23	0
4149	1641	1
4148	696	1
4144	760	1
3954	2734	1
3965	757	1
3965	813	1
3968	2295	1
4020	1832	1
3950	1787	1
4188	2529	1
4175	282	1
4147	2919	1
4147	1898	1
4168	2057	1
4196	174	1
4177	896	1
4314	112	1
4272	287	1
4284	3003	1
4264	2965	1
4264	715	1
4264	3037	1
4481	906	1
4481	994	1
4485	1174	1
4521	871	1
4495	1844	1
1844	15	0
4488	2278	1
4533	480	1
4533	416	1
4501	2003	1
4323	1249	1
4323	1191	1
4343	1109	1
4343	1198	1
1109	30	0
1109	33	0
1109	23	0
515	7	0
4318	2238	1
4271	2969	1
4301	2434	1
4301	2424	1
4301	2435	1
4301	2421	1
4275	2856	1
4266	2101	1
4331	1910	1
4171	1696	1
4178	1414	1
4178	248	1
4184	1496	1
4192	1640	1
4158	802	1
802	25	0
4160	2763	1
4182	2717	1
4182	2705	1
4182	2701	1
4182	2879	1
4182	1600	1
4182	1682	1
4154	2903	1
2903	15	0
4155	2096	1
4530	1094	1
4528	244	1
3339	3128	1
3128	15	0
3383	527	1
3386	1228	1
3340	655	1
3349	612	1
3399	2061	1
3334	1996	1
3369	1451	1
3346	2743	1
3338	2438	1
3343	1561	1
3374	807	1
807	14	0
3336	366	1
3490	486	1
3469	120	1
3460	2971	1
3530	1168	1
4489	1074	1
4502	2563	1
4551	216	1
4497	908	1
4487	1028	1
4487	1384	1
3367	1277	1
3367	1250	1
1277	15	0
1250	15	0
3382	279	1
3384	45	1
3345	2797	1
3345	2891	1
3506	1548	1
3506	2301	1
3476	350	1
3452	234	1
3455	605	1
3512	598	1
3473	2589	1
3474	487	1
3524	2280	1
3468	1264	1
3465	1928	1
3511	623	1
3591	3067	1
3591	1423	1
3580	2418	1
3618	172	1
3649	1628	1
3613	397	1
3569	2741	1
3623	2991	1
3592	3123	1
3717	1649	1
3739	3108	1
3695	3176	1
3567	1365	1
3578	146	1
3578	133	1
3578	2167	1
3578	2376	1
3578	275	1
3641	76	1
3641	1882	1
3641	1881	1
3566	202	1
3566	165	1
3585	888	1
3645	1591	1
3645	338	1
3645	1593	1
3582	2988	1
3582	1116	1
3601	1534	1
3576	3184	1
3576	2985	1
3593	855	1
3729	1421	1
3783	3042	1
3783	549	1
3698	1884	1
3698	1855	1
3698	1886	1
3698	1762	1
3698	2987	1
3698	3010	1
3698	2515	1
3746	2713	1
3701	336	1
3701	827	1
3701	1265	1
3735	2000	1
3720	571	1
3786	805	1
3790	2290	1
3790	2310	1
3731	168	1
3731	196	1
3731	2327	1
3731	2234	1
3731	2514	1
3731	2590	1
3749	2308	1
3705	847	1
3715	886	1
3715	145	1
886	16	0
886	2	0
886	15	0
3713	740	1
3713	2818	1
3713	653	1
3859	2453	1
3859	1012	1
3859	2392	1
3902	1266	1
3902	1900	1
3872	2687	1
3872	2990	1
3824	238	1
3824	743	1
3852	1752	1
3852	1753	1
3852	1725	1
3833	2606	1
3864	1667	1
3827	223	1
3827	2961	1
3827	2751	1
3827	2169	1
3827	2142	1
3827	2171	1
3827	2217	1
3836	775	1
3836	776	1
3836	1635	1
3839	1443	1
3839	289	1
3839	2271	1
3839	2525	1
3822	2365	1
3956	1217	1
4053	2326	1
4053	184	1
4017	1132	1
4017	750	1
4017	2667	1
3949	1170	1
3949	1290	1
3949	3290	1
4010	1424	1
3960	1040	1
3960	895	1
3945	2676	1
4050	2145	1
4050	2146	1
3963	398	1
3958	2620	1
3958	1465	1
3958	2302	1
3953	1345	1
3953	1340	1
3953	512	1
3948	1361	1
3948	1356	1
3948	3033	1
3948	3050	1
3948	3034	1
3948	3052	1
4119	3235	1
4119	3259	1
3259	6	0
4109	1449	1
4164	3202	1
4107	816	1
4209	821	1
3951	488	1
4067	568	1
4067	1720	1
4067	182	1
4067	1024	1
4067	1035	1
3943	1446	1
3952	520	1
3981	3131	1
4122	738	1
4105	3189	1
4174	558	1
4091	2356	1
4181	2739	1
4118	162	1
4150	833	1
4165	342	1
4098	3145	1
4269	862	1
4278	1291	1
4291	1011	1
4241	2654	1
4247	1907	1
4330	688	1
4099	1422	1
4089	619	1
4116	1167	1
4106	2568	1
2568	7	0
4208	3188	1
4324	127	1
127	5	0
4296	2344	1
4244	2227	1
4334	2351	1
4252	684	1
4255	642	1
4255	1865	1
4255	301	1
4248	1913	1
4248	1888	1
4310	1930	1
4289	2664	1
4289	678	1
4250	602	1
4259	1609	1
4445	392	1
4445	2464	1
4445	545	1
4445	2465	1
4435	1045	1
4429	2164	1
4434	792	1
4480	1481	1
4454	341	1
4454	3268	1
341	6	0
3268	6	0
4496	2497	1
4447	2214	1
4447	2324	1
4517	1399	1
4425	1083	1
4425	410	1
4425	2633	1
4425	2830	1
4425	2724	1
4425	2486	1
4425	2448	1
4457	1046	1
4457	3055	1
4457	2964	1
3395	2338	1
3335	2454	1
3327	951	1
3327	881	1
3327	445	1
3327	2817	1
3378	1514	1
3378	1508	1
3396	2404	1
3396	2260	1
3353	2923	1
3355	2358	1
4518	830	1
4518	1789	1
4518	1785	1
4518	1786	1
4493	3195	1
4498	1213	1
4423	2769	1
4418	922	1
3330	2433	1
3357	693	1
3380	1638	1
3332	1339	1
3332	1875	1
3329	446	1
3344	1111	1
1111	15	0
1111	4	0
3459	2077	1
3450	1147	1
3450	483	1
3486	1854	1
3486	2339	1
2339	6	0
3526	972	1
3526	1226	1
972	32	0
3461	1650	1
3467	1879	1
1879	6	0
3446	3163	1
3489	1244	1
3480	1216	1
3480	1278	1
3448	3263	1
3503	1790	1
1790	6	0
3510	842	1
842	14	0
3466	1033	1
3466	2692	1
3472	1065	1
3521	624	1
3458	557	1
3451	3247	1
3501	1584	1
3639	1320	1
3639	1375	1
1320	6	0
3559	318	1
3559	317	1
3560	1254	1
3562	1037	1
3659	105	1
3600	1298	1
3600	2332	1
3557	2933	1
3561	2307	1
3561	2216	1
3630	505	1
3630	643	1
3630	1195	1
3556	387	1
3594	1483	1
3594	2384	1
3581	1992	1
3581	707	1
3617	2411	1
2411	16	0
3685	2359	1
2359	24	0
3697	330	1
3703	3065	1
3703	931	1
3687	1914	1
3691	2898	1
3722	514	1
2015	15	0
3901	1212	1
3858	2784	1
3858	542	1
3811	344	1
3835	2059	1
3808	1736	1
3817	3014	1
3817	1258	1
3883	765	1
765	15	0
3845	141	1
3886	722	1
3853	525	1
3779	2092	1
3779	2093	1
3789	311	1
311	6	0
3702	2080	1
3702	2895	1
3702	2429	1
3702	2428	1
3702	2079	1
3844	3238	1
3768	198	1
3689	1544	1
3689	1883	1
3689	3186	1
3689	2884	1
3738	774	1
3718	1892	1
3718	1920	1
3718	2382	1
3718	2467	1
3741	1864	1
3741	1764	1
3812	1766	1
3823	3148	1
3823	654	1
3148	6	0
3828	1165	1
3937	1580	1
3930	495	1
3970	2386	1
3856	2266	1
3856	2304	1
3818	1746	1
3942	2554	1
4016	1068	1
4033	3133	1
3955	1282	1
1666	35	0
3971	1077	1
4009	2599	1
4009	2600	1
2599	6	0
2600	6	0
5166	2600	2
3931	2460	1
3931	2459	1
3931	593	1
3931	686	1
4892	686	2
4002	3251	1
3934	705	1
4114	770	1
4086	2677	1
4139	917	1
4172	2585	1
4111	2105	1
3936	2090	1
4112	2860	1
4112	1893	1
4097	2539	1
4093	399	1
4210	2348	1
4210	1601	1
4333	1528	1
1528	6	0
4242	3231	1
4235	2213	1
4077	2212	1
4129	129	1
4142	1738	1
1738	17	0
4104	579	1
4104	578	1
4074	2577	1
4084	1284	1
4075	2962	1
4110	2194	1
4094	2354	1
4094	2541	1
4311	343	1
4262	754	1
754	30	0
754	15	0
4273	340	1
4231	662	1
4237	1114	1
4283	3165	1
4438	2233	1
4438	832	1
4438	1519	1
4428	2196	1
4396	517	1
4398	801	1
4243	2550	1
4243	1184	1
4238	2593	1
2593	6	0
4294	2278	1
4270	1853	1
4240	1684	1
4240	1629	1
4240	1685	1
4246	333	1
4400	2562	1
4400	1381	1
4482	867	1
4401	2847	1
4432	1516	1
4432	1863	1
4409	2814	1
4451	204	1
4431	2729	1
4421	1299	1
4421	428	1
4419	915	1
4470	1719	1
4470	187	1
4470	230	1
4470	2770	1
4470	2616	1
4448	2072	1
3364	1445	1
3394	601	1
3394	429	1
3394	2504	1
3347	2685	1
3347	274	1
3347	166	1
3350	407	1
3350	1223	1
3350	2504	1
3350	50	1
3393	3201	1
3201	32	0
3314	197	1
3316	42	1
3316	2807	1
3316	1715	1
3351	3098	1
3348	3097	1
3323	447	1
3359	2521	1
2521	0	0
3370	461	1
3377	1442	1
3439	2071	1
3439	2073	1
3470	2173	1
3440	846	1
3440	764	1
3318	599	1
3318	2960	1
3352	2936	1
3352	2924	1
3352	706	1
2936	15	0
3315	2640	1
3333	2626	1
3457	936	1
3442	445	1
3478	1349	1
3495	594	1
3456	510	1
3492	1639	1
3492	1681	1
1639	6	0
3453	2567	1
3454	926	1
926	6	0
3599	2704	1
3599	55	1
3633	958	1
3656	78	1
3590	2968	1
3550	1623	1
3548	1318	1
3548	1293	1
1318	6	0
3554	92	1
3583	2481	1
3552	1772	1
3579	2198	1
3553	2247	1
3516	3174	1
3449	1257	1
3445	1728	1
3485	611	1
3574	2494	1
3622	694	1
3622	673	1
3547	1450	1
3586	2532	1
3563	2693	1
445	14	0
3575	179	1
3696	2357	1
3714	2678	1
3681	1889	1
3681	1798	1
3681	419	1
3681	2312	1
3681	2364	1
2119	6	0
3806	1573	1
3826	1821	1
1821	14	0
1821	6	0
3803	404	1
3699	1234	1
3767	2285	1
3710	940	1
3710	1489	1
3710	943	1
940	24	0
3788	2656	1
3788	562	1
3788	2635	1
3700	953	1
3694	1344	1
3694	1342	1
3694	712	1
3682	192	1
192	15	0
3765	73	1
73	15	0
3723	2823	1
3723	2822	1
3723	1025	1
3684	1169	1
3684	709	1
3706	2870	1
3706	2821	1
3227	15	0
3227	39	0
3227	9	0
3815	690	1
3810	3061	1
3878	1905	1
3834	2977	1
3838	613	1
3807	2479	1
3819	365	1
3726	207	1
3726	500	1
3688	3066	1
3688	3029	1
1616	16	0
3683	303	1
3711	106	1
3805	576	1
3929	436	1
4007	2559	1
2559	15	0
4030	2263	1
4000	1615	1
3923	171	1
3923	222	1
3978	2287	1
3935	122	1
3935	123	1
3924	2374	1
3924	2362	1
4015	2437	1
3944	1646	1
3932	607	1
3928	432	1
3928	3120	1
3928	3105	1
3928	1015	1
3928	1013	1
3961	391	1
3961	415	1
3926	2834	1
3926	2918	1
4066	125	1
4066	1791	1
3922	1050	1
3927	818	1
3927	1734	1
3959	1166	1
3946	1677	1
3925	2330	1
3925	2331	1
4103	1418	1
4103	1494	1
4121	195	1
4078	2643	1
4205	1874	1
1874	15	0
4108	2716	1
4117	3265	1
4163	2520	1
4101	1232	1
4101	203	1
4101	205	1
4071	1743	1
4071	1860	1
4070	257	1
4070	1665	1
4096	2314	1
4096	231	1
4076	897	1
4076	1663	1
4076	494	1
4202	1707	1
4202	1185	1
4202	1188	1
4202	3072	1
4299	3151	1
4299	984	1
4299	1870	1
4299	1878	1
4299	183	1
4299	878	1
4251	1836	1
4251	2808	1
4115	417	1
4092	2761	1
4069	3261	1
4072	3101	1
4072	714	1
4073	1171	1
4073	1287	1
4073	394	1
4313	293	1
4222	1842	1
4228	2347	1
4258	395	1
4230	2792	1
4236	2184	1
4263	413	1
4268	691	1
4268	637	1
4426	1871	1
4426	1815	1
4382	3249	1
4413	326	1
4405	1799	1
4404	2186	1
4444	2154	1
4473	3004	1
3004	0	0
3004	8	0
4232	3288	1
4317	1103	1
1103	32	0
4229	2450	1
4233	3225	1
4475	2513	1
4388	1570	1
4388	534	1
4388	3126	1
4416	2776	1
4393	3049	1
4441	319	1
4441	560	1
4387	1797	1
4387	3197	1
4387	828	1
4516	3089	1
4516	3044	1
4516	3095	1
4556	1477	1
4694	258	1
4627	292	1
4721	1306	1
4715	288	1
4469	979	1
4491	2360	1
4458	2511	1
4394	1231	1
4414	466	1
4378	367	1
4376	1372	1
4376	3099	1
4374	2927	1
3429	985	1
3317	68	1
3430	2383	1
3324	2370	1
3734	741	1
3544	2333	1
3855	101	1
3890	1064	1
3876	2423	1
3877	2055	1
4056	48	1
4025	2820	1
4022	3295	1
4157	844	1
4123	2488	1
4190	1619	1
4046	1955	1
4717	2268	1
4792	3140	1
4287	354	1
4770	518	1
4753	2484	1
4753	778	1
4746	385	1
4763	2849	1
4761	2197	1
4755	177	1
4737	810	1
4710	147	1
4709	3129	1
4712	1678	1
4692	1759	1
4688	806	1
4680	2054	1
4650	1862	1
4697	2980	1
4605	2241	1
4634	1204	1
4612	1208	1
3381	47	1
3387	2733	1
3342	773	1
3475	448	1
3608	491	1
3794	310	1
3860	1003	1
3897	1023	1
3863	2182	1
3843	948	1
3830	335	1
3991	2181	1
4303	661	1
4800	758	1
4541	646	1
4541	1880	1
4778	2377	1
4724	1697	1
4698	2103	1
4765	2754	1
4764	2831	1
4759	2638	1
4681	2475	1
4676	3059	1
4656	2886	1
4647	3146	1
4644	1672	1
1538	15	0
4595	1400	1
4588	1565	1
4584	1321	1
4552	2798	1
4550	595	1
4578	3031	1
4565	671	1
4560	1698	1
4542	1201	1
4538	2341	1
4531	228	1
3376	3035	1
3519	509	1
3508	1547	1
3638	888	1
3778	2688	1
3736	1906	1
3611	1659	1
3637	2675	1
3642	49	1
4004	2984	1
4047	2281	1
4055	1262	1
4055	1260	1
4055	1261	1
4005	983	1
4161	1675	1
3995	1368	1
4511	1141	1
4472	1447	1
4486	3233	1
4326	2843	1
3654	2296	1
3640	1432	1
3757	1237	1
3632	1521	1
3869	1439	1
3999	382	1
4135	128	1
4339	1032	1
4281	856	1
5241	1951	2
4906	2067	2
5025	218	2
5095	1704	2
4907	916	2
4948	249	2
4940	3013	2
5061	3154	2
4850	2796	2
5081	2060	2
5266	702	2
4982	1463	2
5270	1518	2
4987	110	2
4977	2499	2
5282	2210	2
5125	1080	2
5125	1081	2
4936	1123	2
4810	692	2
5227	2414	2
5197	2381	2
5183	918	2
5207	3118	2
5084	1903	2
4806	2944	2
4806	2553	2
4806	208	2
5251	1982	2
4873	2945	2
5043	1691	2
5043	1008	2
5043	997	2
5170	1549	2
4976	1405	2
5142	718	2
5272	874	2
5240	3300	2
4885	779	2
5051	2777	2
5019	2130	2
5275	790	2
4835	1350	2
4835	2956	2
4835	785	2
4835	2124	2
4843	1648	2
5258	2877	2
5255	1051	2
5276	2174	2
5099	86	2
5099	2930	2
4979	1154	2
5216	3282	2
5011	1263	2
5134	2756	2
4916	3284	2
5298	1297	2
5115	253	2
4856	685	2
4828	731	2
4904	781	2
5284	1331	2
4831	2603	2
4831	2602	2
4844	2352	2
5147	1367	2
4942	272	2
4814	1054	2
4913	622	2
5229	938	2
5083	1804	2
5285	2887	2
4829	1151	2
4966	1279	2
4969	3214	2
5249	2963	2
5239	1370	2
5268	3006	2
3535	1441	1
3443	1595	1
3766	481	1
3564	845	1
3831	1581	1
3753	1295	1
3884	1852	1
3847	590	1
3752	1985	1
3761	2006	1
4019	1412	1
4080	2257	1
4081	1131	1
4245	928	1
4218	2152	1
4306	1337	1
4220	2617	1
4664	3018	1
3311	2035	1
3409	3156	1
3419	1505	1
3371	614	1
4736	1579	1
4655	2596	1
2714	22	0
3434	2403	1
3435	2752	1
3435	44	1
3498	3124	1
3424	3030	1
3653	464	1
3773	2699	1
3756	3219	1
3842	364	1
3933	1440	1
3979	2388	1
4170	2897	1
4031	2144	1
4265	3207	1
4492	1689	1
4503	440	1
4276	212	1
4557	1177	1
4368	515	1
4277	467	1
4282	2928	1
4155	2094	1
3366	777	1
4506	1072	1
3515	46	1
3512	3048	1
3513	2940	1
3482	1310	1
3585	121	1
3749	2215	1
3824	1608	1
3852	1843	1
3816	1718	1
3837	1396	1
3861	1294	1
3825	3248	1
3827	2298	1
3964	2901	1
4067	180	1
4254	3172	1
4435	2536	1
4461	2861	1
3396	2049	1
4417	3155	1
3459	2703	1
3559	167	1
3617	2410	1
3724	2975	1
3724	405	1
3708	2015	1
3901	3021	1
3820	1458	1
3702	79	1
3702	2075	1
3693	1541	1
3813	3179	1
4065	1909	1
3970	2396	1
4049	2345	1
3940	1666	1
3934	154	1
4112	1129	1
4097	2524	1
4140	890	1
4234	281	1
4257	3103	1
4231	565	1
4428	1210	1
4406	1701	1
4411	2966	1
3492	328	1
3464	161	1
3681	530	1
3806	1091	1
3710	2666	1
3878	1526	1
3980	126	1
3941	1043	1
4070	2043	1
4202	2274	1
4202	1708	1
4069	3260	1
4260	1637	1
4226	2771	1
4410	2087	1
4395	1832	1
4462	1480	1
4471	551	1
4441	2967	1
4516	1705	1
